[[-1.97552371e+00]
 [-7.09903986e-01]
 [ 6.81382922e+00]
 [-8.32027402e-01]
 [-3.56122736e+00]
 [ 1.39180017e+00]
 [-9.37362128e-01]
 [-1.11203121e+00]
 [-4.99432520e-03]
 [-3.31382199e+00]
 [-1.83796076e+00]
 [-2.08613838e-01]
 [ 9.17534661e-02]
 [-4.25173726e+00]
 [ 4.24266474e-02]
 [ 5.94148320e+00]
 [-1.40279341e+00]
 [ 1.78514077e+00]
 [-1.19916354e+00]
 [ 9.12915560e+00]
 [-8.22934215e-01]
 [ 4.38859053e-01]
 [ 2.06421543e+00]
 [-1.17107071e+00]
 [-1.86342395e+00]
 [ 4.58464295e-01]
 [ 1.68446759e+00]
 [-7.56205465e-01]
 [ 4.01162997e+00]
 [ 2.70546669e+00]
 [-2.07962611e+00]
 [-9.57222176e-01]
 [ 5.43907014e+00]
 [ 1.55082494e+00]
 [ 2.15531742e+00]
 [-7.13548790e-01]
 [ 6.84839744e+00]
 [-7.84960447e+00]
 [ 1.46490065e+00]
 [ 1.36538865e+00]
 [-5.55519336e+00]
 [-2.26484816e+00]
 [ 1.55502261e-01]
 [-1.86070011e+00]
 [ 3.15448144e+00]
 [-2.93054467e-01]
 [ 3.33826122e+00]
 [ 2.85958056e+00]
 [-4.62744889e-02]
 [ 6.75889813e+00]]